20
20
255 255 255  255 255 255  255 255 255  255 255 255  255 255 255  255 255 255  255 255 255  255 255 255  255 255 255  255 255 255  255 255 255  255 255 255  255 255 255  255 255 255  255 255 255  255 255 255  255 255 255  255 255 255  255 255 255  255 255 255  
255 255 255  255 255 255  255 255 255  255 255 255  255 255 255  255 255 255  255 255 255  255 255 255  255 255 255  255 255 255  255 255 255  255 255 255  255 255 255  255 255 255  255 255 255  255 255 255  255 255 255  255 255 255  255 255 255  255 255 255  
255 255 255  255 255 255  255 255 255  255 255 255  255 255 255  255 255 255  255 255 255  216 231 229  99 134 133  102 137 135  98 134 133  178 198 199  255 255 255  255 255 255  255 255 255  255 255 255  255 255 255  255 255 255  255 255 255  255 255 255  
255 255 255  255 255 255  255 255 255  255 255 255  255 255 255  225 234 234  144 169 167  103 85 85  39 0 0  36 0 0  39 0 0  83 43 46  144 168 167  195 212 211  255 255 255  255 255 255  255 255 255  255 255 255  255 255 255  255 255 255  
255 255 255  255 255 255  255 255 255  255 255 255  230 234 233  112 96 96  5 0 0  121 4 9  255 49 58  255 34 45  255 47 57  174 18 23  4 0 0  71 48 49  224 226 227  255 255 255  255 255 255  255 255 255  255 255 255  255 255 255  
255 255 255  255 255 255  255 255 255  255 255 255  83 123 121  61 0 0  255 25 36  244 61 71  246 111 117  245 108 112  248 112 118  242 74 81  255 29 38  114 0 0  44 76 76  255 255 255  255 255 255  255 255 255  255 255 255  255 255 255  
255 255 255  255 255 255  255 255 255  255 255 255  86 124 122  62 0 0  255 62 72  247 95 103  241 129 135  255 190 191  244 144 146  244 96 105  255 73 82  114 0 0  44 73 72  255 255 255  255 255 255  255 255 255  255 255 255  255 255 255  
255 255 255  255 255 255  255 255 255  124 148 149  88 25 25  223 17 24  243 63 72  241 96 102  255 133 139  255 213 222  255 151 158  240 97 103  243 78 86  231 18 22  115 15 16  97 117 116  255 255 255  255 255 255  255 255 255  255 255 255  
255 255 255  255 255 255  255 255 255  52 94 92  87 0 0  255 24 38  234 60 69  255 134 142  187 74 79  30 21 23  141 57 60  255 133 143  240 77 86  255 27 38  154 0 0  23 49 47  255 255 255  255 255 255  255 255 255  255 255 255  
255 255 255  255 255 255  255 255 255  111 124 123  7 0 0  165 0 0  255 54 66  181 54 57  82 75 76  118 128 127  82 93 90  152 54 57  255 56 68  210 6 17  19 0 0  69 79 79  255 255 255  255 255 255  255 255 255  255 255 255  
255 255 255  255 255 255  255 255 255  81 76 77  42 58 58  132 98 99  113 0 0  0 0 0  60 97 94  255 255 255  138 172 169  0 0 0  109 0 0  129 62 66  60 85 84  37 36 36  255 255 255  255 255 255  255 255 255  255 255 255  
255 255 255  255 255 255  255 255 255  133 133 133  143 144 144  177 191 192  57 89 87  84 99 99  126 123 123  149 149 149  138 131 133  89 99 99  56 90 88  134 154 153  163 165 164  118 117 117  255 255 255  255 255 255  255 255 255  255 255 255  
255 255 255  255 255 255  255 255 255  255 255 255  79 78 78  83 84 84  255 255 255  255 255 255  181 181 181  30 30 30  135 134 134  255 255 255  255 255 255  131 132 132  32 32 32  255 255 255  255 255 255  255 255 255  255 255 255  255 255 255  
255 255 255  255 255 255  255 255 255  255 255 255  99 99 99  98 98 98  253 253 253  234 234 234  248 248 248  255 255 255  251 251 251  236 236 236  253 253 253  128 128 128  61 61 61  255 255 255  255 255 255  255 255 255  255 255 255  255 255 255  
255 255 255  255 255 255  255 255 255  255 255 255  245 245 245  146 146 146  25 25 25  135 135 135  255 255 255  255 255 255  255 255 255  186 186 186  25 25 25  94 94 94  242 242 242  255 255 255  255 255 255  255 255 255  255 255 255  255 255 255  
255 255 255  255 255 255  255 255 255  255 255 255  255 255 255  236 236 236  178 178 178  124 124 124  27 27 27  22 22 22  27 27 27  94 94 94  178 178 178  216 216 216  255 255 255  255 255 255  255 255 255  255 255 255  255 255 255  255 255 255  
255 255 255  255 255 255  255 255 255  255 255 255  255 255 255  255 255 255  255 255 255  224 224 224  136 136 136  141 141 141  137 137 137  194 194 194  255 255 255  255 255 255  255 255 255  255 255 255  255 255 255  255 255 255  255 255 255  255 255 255  
255 255 255  255 255 255  255 255 255  255 255 255  255 255 255  255 255 255  255 255 255  255 255 255  255 255 255  255 255 255  255 255 255  255 255 255  255 255 255  255 255 255  255 255 255  255 255 255  255 255 255  255 255 255  255 255 255  255 255 255  
255 255 255  255 255 255  255 255 255  255 255 255  255 255 255  255 255 255  255 255 255  255 255 255  255 255 255  255 255 255  255 255 255  255 255 255  255 255 255  255 255 255  255 255 255  255 255 255  255 255 255  255 255 255  255 255 255  255 255 255  
255 255 255  255 255 255  255 255 255  255 255 255  255 255 255  255 255 255  255 255 255  255 255 255  255 255 255  255 255 255  255 255 255  255 255 255  255 255 255  255 255 255  255 255 255  255 255 255  255 255 255  255 255 255  255 255 255  255 255 255  
