0 0 0  0 0 0  0 0 0  0 0 0  0 0 0  0 0 0  0 0 0  0 0 0  0 0 0  0 0 0  0 0 0  0 0 0  0 0 0  0 0 0  0 0 0  0 0 0  0 0 0  0 0 0  0 0 0  0 0 0  0 0 0  0 0 0  0 0 0  0 0 0  0 0 0  0 0 0  0 0 0  0 0 0  0 0 0  0 0 0  0 0 0  0 0 0  0 0 0  0 0 0  0 0 0  0 0 0  0 0 0  0 0 0  0 0 0  0 0 0  0 0 0  0 0 0  0 0 0  0 0 0  0 0 0  0 0 0  0 0 0  0 0 0  0 0 0  0 0 0  0 0 0  0 0 0  0 0 0  0 0 0  0 0 0  0 0 0  
0 0 0  0 0 0  0 0 0  0 0 0  0 0 0  0 0 0  0 0 0  0 0 0  0 0 0  0 0 0  0 0 0  0 0 0  0 0 0  0 0 0  0 0 0  0 0 0  0 0 0  0 0 0  0 0 0  0 0 0  0 0 0  0 0 0  0 0 0  0 0 0  0 0 0  0 0 0  0 0 0  0 0 0  0 0 0  0 0 0  0 0 0  0 0 0  0 0 0  0 0 0  0 0 0  0 0 0  0 0 0  0 0 0  0 0 0  0 0 0  0 0 0  0 0 0  0 0 0  0 0 0  0 0 0  0 0 0  0 0 0  0 0 0  0 0 0  0 0 0  0 0 0  0 0 0  0 0 0  0 0 0  0 0 0  0 0 0  
0 0 0  0 0 0  0 0 0  0 0 0  0 0 0  0 0 0  0 0 0  0 0 0  0 0 0  0 0 0  0 0 0  0 0 0  0 0 0  0 0 0  0 0 0  0 0 0  0 0 0  0 0 0  0 0 0  0 0 0  0 0 0  0 0 0  0 0 0  0 0 0  0 0 0  0 0 0  0 0 0  0 0 0  0 0 0  0 0 0  0 0 0  0 0 0  0 0 0  0 0 0  0 0 0  0 0 0  0 0 0  0 0 0  0 0 0  0 0 0  0 0 0  0 0 0  0 0 0  0 0 0  0 0 0  0 0 0  0 0 0  0 0 0  0 0 0  0 0 0  0 0 0  0 0 0  0 0 0  0 0 0  0 0 0  0 0 0  
0 0 0  0 0 0  0 0 0  0 0 0  0 0 0  0 0 0  0 0 0  0 0 0  0 0 0  0 0 0  0 0 0  0 0 0  0 0 0  0 0 0  0 0 0  0 0 0  0 0 0  0 0 0  0 0 0  0 0 0  0 0 0  0 0 0  0 0 0  0 0 0  0 0 0  0 0 0  0 0 0  0 0 0  0 0 0  0 0 0  0 0 0  0 0 0  0 0 0  0 0 0  0 0 0  0 0 0  0 0 0  0 0 0  0 0 0  0 0 0  0 0 0  0 0 0  0 0 0  0 0 0  0 0 0  0 0 0  0 0 0  0 0 0  0 0 0  0 0 0  0 0 0  0 0 0  0 0 0  0 0 0  0 0 0  0 0 0  
255 255 255  255 255 255  255 255 255  255 255 255  255 255 255  255 255 255  255 255 255  255 255 255  104 40 40  104 40 40  104 40 40  104 40 40  104 40 40  104 40 40  104 40 40  104 40 40  104 40 40  104 40 40  104 40 40  104 40 40  104 40 40  104 40 40  104 40 40  104 40 40  104 40 40  104 40 40  104 40 40  104 40 40  104 40 40  104 40 40  104 40 40  104 40 40  104 40 40  104 40 40  104 40 40  104 40 40  104 40 40  104 40 40  104 40 40  104 40 40  255 255 255  255 255 255  255 255 255  255 255 255  255 255 255  255 255 255  255 255 255  255 255 255  255 255 255  255 255 255  255 255 255  255 255 255  255 255 255  255 255 255  255 255 255  255 255 255  
255 255 255  255 255 255  255 255 255  255 255 255  255 255 255  255 255 255  255 255 255  255 255 255  104 40 40  104 40 40  104 40 40  104 40 40  104 40 40  104 40 40  104 40 40  104 40 40  104 40 40  104 40 40  104 40 40  104 40 40  104 40 40  104 40 40  104 40 40  104 40 40  104 40 40  104 40 40  104 40 40  104 40 40  104 40 40  104 40 40  104 40 40  104 40 40  104 40 40  104 40 40  104 40 40  104 40 40  104 40 40  104 40 40  104 40 40  104 40 40  255 255 255  255 255 255  255 255 255  255 255 255  255 255 255  255 255 255  255 255 255  255 255 255  255 255 255  255 255 255  255 255 255  255 255 255  255 255 255  255 255 255  255 255 255  255 255 255  
255 255 255  255 255 255  255 255 255  255 255 255  255 255 255  255 255 255  255 255 255  255 255 255  104 40 40  104 40 40  104 40 40  104 40 40  104 40 40  104 40 40  104 40 40  104 40 40  104 40 40  104 40 40  104 40 40  104 40 40  104 40 40  104 40 40  104 40 40  104 40 40  104 40 40  104 40 40  104 40 40  104 40 40  104 40 40  104 40 40  104 40 40  104 40 40  104 40 40  104 40 40  104 40 40  104 40 40  104 40 40  104 40 40  104 40 40  104 40 40  255 255 255  255 255 255  255 255 255  255 255 255  255 255 255  255 255 255  255 255 255  255 255 255  255 255 255  255 255 255  255 255 255  255 255 255  255 255 255  255 255 255  255 255 255  255 255 255  
255 255 255  255 255 255  255 255 255  255 255 255  255 255 255  255 255 255  255 255 255  255 255 255  104 40 40  104 40 40  104 40 40  104 40 40  104 40 40  104 40 40  104 40 40  104 40 40  104 40 40  104 40 40  104 40 40  104 40 40  104 40 40  104 40 40  104 40 40  104 40 40  104 40 40  104 40 40  104 40 40  104 40 40  104 40 40  104 40 40  104 40 40  104 40 40  104 40 40  104 40 40  104 40 40  104 40 40  104 40 40  104 40 40  104 40 40  104 40 40  255 255 255  255 255 255  255 255 255  255 255 255  255 255 255  255 255 255  255 255 255  255 255 255  255 255 255  255 255 255  255 255 255  255 255 255  255 255 255  255 255 255  255 255 255  255 255 255  
255 255 255  255 255 255  255 255 255  255 255 255  104 40 40  104 40 40  104 40 40  104 40 40  192 56 56  192 56 56  192 56 56  192 56 56  248 104 72  248 104 72  248 104 72  248 104 72  248 104 72  248 104 72  248 104 72  248 104 72  248 104 72  248 104 72  248 104 72  248 104 72  248 104 72  248 104 72  248 104 72  248 104 72  248 104 72  248 104 72  248 104 72  248 104 72  248 104 72  248 104 72  248 104 72  248 104 72  192 56 56  192 56 56  192 56 56  192 56 56  104 40 40  104 40 40  104 40 40  104 40 40  255 255 255  255 255 255  255 255 255  255 255 255  255 255 255  255 255 255  255 255 255  255 255 255  255 255 255  255 255 255  255 255 255  255 255 255  
255 255 255  255 255 255  255 255 255  255 255 255  104 40 40  104 40 40  104 40 40  104 40 40  192 56 56  192 56 56  192 56 56  192 56 56  248 104 72  248 104 72  248 104 72  248 104 72  248 104 72  248 104 72  248 104 72  248 104 72  248 104 72  248 104 72  248 104 72  248 104 72  248 104 72  248 104 72  248 104 72  248 104 72  248 104 72  248 104 72  248 104 72  248 104 72  248 104 72  248 104 72  248 104 72  248 104 72  192 56 56  192 56 56  192 56 56  192 56 56  104 40 40  104 40 40  104 40 40  104 40 40  255 255 255  255 255 255  255 255 255  255 255 255  255 255 255  255 255 255  255 255 255  255 255 255  255 255 255  255 255 255  255 255 255  255 255 255  
255 255 255  255 255 255  255 255 255  255 255 255  104 40 40  104 40 40  104 40 40  104 40 40  192 56 56  192 56 56  192 56 56  192 56 56  248 104 72  248 104 72  248 104 72  248 104 72  248 104 72  248 104 72  248 104 72  248 104 72  248 104 72  248 104 72  248 104 72  248 104 72  248 104 72  248 104 72  248 104 72  248 104 72  248 104 72  248 104 72  248 104 72  248 104 72  248 104 72  248 104 72  248 104 72  248 104 72  192 56 56  192 56 56  192 56 56  192 56 56  104 40 40  104 40 40  104 40 40  104 40 40  255 255 255  255 255 255  255 255 255  255 255 255  255 255 255  255 255 255  255 255 255  255 255 255  255 255 255  255 255 255  255 255 255  255 255 255  
255 255 255  255 255 255  255 255 255  255 255 255  104 40 40  104 40 40  104 40 40  104 40 40  192 56 56  192 56 56  192 56 56  192 56 56  248 104 72  248 104 72  248 104 72  248 104 72  248 104 72  248 104 72  248 104 72  248 104 72  248 104 72  248 104 72  248 104 72  248 104 72  248 104 72  248 104 72  248 104 72  248 104 72  248 104 72  248 104 72  248 104 72  248 104 72  248 104 72  248 104 72  248 104 72  248 104 72  192 56 56  192 56 56  192 56 56  192 56 56  104 40 40  104 40 40  104 40 40  104 40 40  255 255 255  255 255 255  255 255 255  255 255 255  255 255 255  255 255 255  255 255 255  255 255 255  255 255 255  255 255 255  255 255 255  255 255 255  
255 255 255  255 255 255  255 255 255  255 255 255  104 40 40  104 40 40  104 40 40  104 40 40  248 104 72  248 104 72  248 104 72  248 104 72  248 104 72  248 104 72  248 104 72  248 104 72  248 104 72  248 104 72  248 104 72  248 104 72  248 104 72  248 104 72  248 104 72  248 104 72  248 104 72  248 104 72  248 104 72  248 104 72  248 104 72  248 104 72  248 104 72  248 104 72  248 104 72  248 104 72  248 104 72  248 104 72  248 104 72  248 104 72  248 104 72  248 104 72  192 56 56  192 56 56  192 56 56  192 56 56  104 40 40  104 40 40  104 40 40  104 40 40  255 255 255  255 255 255  255 255 255  255 255 255  255 255 255  255 255 255  255 255 255  255 255 255  
255 255 255  255 255 255  255 255 255  255 255 255  104 40 40  104 40 40  104 40 40  104 40 40  248 104 72  248 104 72  248 104 72  248 104 72  248 104 72  248 104 72  248 104 72  248 104 72  248 104 72  248 104 72  248 104 72  248 104 72  248 104 72  248 104 72  248 104 72  248 104 72  248 104 72  248 104 72  248 104 72  248 104 72  248 104 72  248 104 72  248 104 72  248 104 72  248 104 72  248 104 72  248 104 72  248 104 72  248 104 72  248 104 72  248 104 72  248 104 72  192 56 56  192 56 56  192 56 56  192 56 56  104 40 40  104 40 40  104 40 40  104 40 40  255 255 255  255 255 255  255 255 255  255 255 255  255 255 255  255 255 255  255 255 255  255 255 255  
255 255 255  255 255 255  255 255 255  255 255 255  104 40 40  104 40 40  104 40 40  104 40 40  248 104 72  248 104 72  248 104 72  248 104 72  248 104 72  248 104 72  248 104 72  248 104 72  248 104 72  248 104 72  248 104 72  248 104 72  248 104 72  248 104 72  248 104 72  248 104 72  248 104 72  248 104 72  248 104 72  248 104 72  248 104 72  248 104 72  248 104 72  248 104 72  248 104 72  248 104 72  248 104 72  248 104 72  248 104 72  248 104 72  248 104 72  248 104 72  192 56 56  192 56 56  192 56 56  192 56 56  104 40 40  104 40 40  104 40 40  104 40 40  255 255 255  255 255 255  255 255 255  255 255 255  255 255 255  255 255 255  255 255 255  255 255 255  
255 255 255  255 255 255  255 255 255  255 255 255  104 40 40  104 40 40  104 40 40  104 40 40  248 104 72  248 104 72  248 104 72  248 104 72  248 104 72  248 104 72  248 104 72  248 104 72  248 104 72  248 104 72  248 104 72  248 104 72  248 104 72  248 104 72  248 104 72  248 104 72  248 104 72  248 104 72  248 104 72  248 104 72  248 104 72  248 104 72  248 104 72  248 104 72  248 104 72  248 104 72  248 104 72  248 104 72  248 104 72  248 104 72  248 104 72  248 104 72  192 56 56  192 56 56  192 56 56  192 56 56  104 40 40  104 40 40  104 40 40  104 40 40  255 255 255  255 255 255  255 255 255  255 255 255  255 255 255  255 255 255  255 255 255  255 255 255  
104 40 40  104 40 40  104 40 40  104 40 40  192 56 56  192 56 56  192 56 56  192 56 56  248 104 72  248 104 72  248 104 72  248 104 72  248 104 72  248 104 72  248 104 72  248 104 72  248 104 72  248 104 72  248 104 72  248 104 72  248 104 72  248 104 72  248 104 72  248 104 72  248 104 72  248 104 72  248 104 72  248 104 72  248 104 72  248 104 72  248 104 72  248 104 72  248 104 72  248 104 72  248 104 72  248 104 72  248 104 72  248 104 72  248 104 72  248 104 72  232 232 248  232 232 248  232 232 248  232 232 248  104 40 40  104 40 40  104 40 40  104 40 40  104 40 40  104 40 40  104 40 40  104 40 40  255 255 255  255 255 255  255 255 255  255 255 255  
104 40 40  104 40 40  104 40 40  104 40 40  192 56 56  192 56 56  192 56 56  192 56 56  248 104 72  248 104 72  248 104 72  248 104 72  248 104 72  248 104 72  248 104 72  248 104 72  248 104 72  248 104 72  248 104 72  248 104 72  248 104 72  248 104 72  248 104 72  248 104 72  248 104 72  248 104 72  248 104 72  248 104 72  248 104 72  248 104 72  248 104 72  248 104 72  248 104 72  248 104 72  248 104 72  248 104 72  248 104 72  248 104 72  248 104 72  248 104 72  232 232 248  232 232 248  232 232 248  232 232 248  104 40 40  104 40 40  104 40 40  104 40 40  104 40 40  104 40 40  104 40 40  104 40 40  255 255 255  255 255 255  255 255 255  255 255 255  
104 40 40  104 40 40  104 40 40  104 40 40  192 56 56  192 56 56  192 56 56  192 56 56  248 104 72  248 104 72  248 104 72  248 104 72  248 104 72  248 104 72  248 104 72  248 104 72  248 104 72  248 104 72  248 104 72  248 104 72  248 104 72  248 104 72  248 104 72  248 104 72  248 104 72  248 104 72  248 104 72  248 104 72  248 104 72  248 104 72  248 104 72  248 104 72  248 104 72  248 104 72  248 104 72  248 104 72  248 104 72  248 104 72  248 104 72  248 104 72  232 232 248  232 232 248  232 232 248  232 232 248  104 40 40  104 40 40  104 40 40  104 40 40  104 40 40  104 40 40  104 40 40  104 40 40  255 255 255  255 255 255  255 255 255  255 255 255  
104 40 40  104 40 40  104 40 40  104 40 40  192 56 56  192 56 56  192 56 56  192 56 56  248 104 72  248 104 72  248 104 72  248 104 72  248 104 72  248 104 72  248 104 72  248 104 72  248 104 72  248 104 72  248 104 72  248 104 72  248 104 72  248 104 72  248 104 72  248 104 72  248 104 72  248 104 72  248 104 72  248 104 72  248 104 72  248 104 72  248 104 72  248 104 72  248 104 72  248 104 72  248 104 72  248 104 72  248 104 72  248 104 72  248 104 72  248 104 72  232 232 248  232 232 248  232 232 248  232 232 248  104 40 40  104 40 40  104 40 40  104 40 40  104 40 40  104 40 40  104 40 40  104 40 40  255 255 255  255 255 255  255 255 255  255 255 255  
104 40 40  104 40 40  104 40 40  104 40 40  192 56 56  192 56 56  192 56 56  192 56 56  192 56 56  192 56 56  192 56 56  192 56 56  248 104 72  248 104 72  248 104 72  248 104 72  248 104 72  248 104 72  248 104 72  248 104 72  248 104 72  248 104 72  248 104 72  248 104 72  248 104 72  248 104 72  248 104 72  248 104 72  248 104 72  248 104 72  248 104 72  248 104 72  248 104 72  248 104 72  248 104 72  248 104 72  192 56 56  192 56 56  192 56 56  192 56 56  232 232 248  232 232 248  232 232 248  232 232 248  104 40 40  104 40 40  104 40 40  104 40 40  232 232 248  232 232 248  232 232 248  232 232 248  0 0 0  0 0 0  0 0 0  0 0 0  
104 40 40  104 40 40  104 40 40  104 40 40  192 56 56  192 56 56  192 56 56  192 56 56  192 56 56  192 56 56  192 56 56  192 56 56  248 104 72  248 104 72  248 104 72  248 104 72  248 104 72  248 104 72  248 104 72  248 104 72  248 104 72  248 104 72  248 104 72  248 104 72  248 104 72  248 104 72  248 104 72  248 104 72  248 104 72  248 104 72  248 104 72  248 104 72  248 104 72  248 104 72  248 104 72  248 104 72  192 56 56  192 56 56  192 56 56  192 56 56  232 232 248  232 232 248  232 232 248  232 232 248  104 40 40  104 40 40  104 40 40  104 40 40  232 232 248  232 232 248  232 232 248  232 232 248  0 0 0  0 0 0  0 0 0  0 0 0  
104 40 40  104 40 40  104 40 40  104 40 40  192 56 56  192 56 56  192 56 56  192 56 56  192 56 56  192 56 56  192 56 56  192 56 56  248 104 72  248 104 72  248 104 72  248 104 72  248 104 72  248 104 72  248 104 72  248 104 72  248 104 72  248 104 72  248 104 72  248 104 72  248 104 72  248 104 72  248 104 72  248 104 72  248 104 72  248 104 72  248 104 72  248 104 72  248 104 72  248 104 72  248 104 72  248 104 72  192 56 56  192 56 56  192 56 56  192 56 56  232 232 248  232 232 248  232 232 248  232 232 248  104 40 40  104 40 40  104 40 40  104 40 40  232 232 248  232 232 248  232 232 248  232 232 248  0 0 0  0 0 0  0 0 0  0 0 0  
104 40 40  104 40 40  104 40 40  104 40 40  192 56 56  192 56 56  192 56 56  192 56 56  192 56 56  192 56 56  192 56 56  192 56 56  248 104 72  248 104 72  248 104 72  248 104 72  248 104 72  248 104 72  248 104 72  248 104 72  248 104 72  248 104 72  248 104 72  248 104 72  248 104 72  248 104 72  248 104 72  248 104 72  248 104 72  248 104 72  248 104 72  248 104 72  248 104 72  248 104 72  248 104 72  248 104 72  192 56 56  192 56 56  192 56 56  192 56 56  232 232 248  232 232 248  232 232 248  232 232 248  104 40 40  104 40 40  104 40 40  104 40 40  232 232 248  232 232 248  232 232 248  232 232 248  0 0 0  0 0 0  0 0 0  0 0 0  
104 40 40  104 40 40  104 40 40  104 40 40  192 56 56  192 56 56  192 56 56  192 56 56  192 56 56  192 56 56  192 56 56  192 56 56  192 56 56  192 56 56  192 56 56  192 56 56  192 56 56  192 56 56  192 56 56  192 56 56  192 56 56  192 56 56  192 56 56  192 56 56  192 56 56  192 56 56  192 56 56  192 56 56  192 56 56  192 56 56  192 56 56  192 56 56  192 56 56  192 56 56  192 56 56  192 56 56  192 56 56  192 56 56  192 56 56  192 56 56  176 176 208  176 176 208  176 176 208  176 176 208  192 56 56  192 56 56  192 56 56  192 56 56  232 232 248  232 232 248  232 232 248  232 232 248  0 0 0  0 0 0  0 0 0  0 0 0  
104 40 40  104 40 40  104 40 40  104 40 40  192 56 56  192 56 56  192 56 56  192 56 56  192 56 56  192 56 56  192 56 56  192 56 56  192 56 56  192 56 56  192 56 56  192 56 56  192 56 56  192 56 56  192 56 56  192 56 56  192 56 56  192 56 56  192 56 56  192 56 56  192 56 56  192 56 56  192 56 56  192 56 56  192 56 56  192 56 56  192 56 56  192 56 56  192 56 56  192 56 56  192 56 56  192 56 56  192 56 56  192 56 56  192 56 56  192 56 56  176 176 208  176 176 208  176 176 208  176 176 208  192 56 56  192 56 56  192 56 56  192 56 56  232 232 248  232 232 248  232 232 248  232 232 248  0 0 0  0 0 0  0 0 0  0 0 0  
104 40 40  104 40 40  104 40 40  104 40 40  192 56 56  192 56 56  192 56 56  192 56 56  192 56 56  192 56 56  192 56 56  192 56 56  192 56 56  192 56 56  192 56 56  192 56 56  192 56 56  192 56 56  192 56 56  192 56 56  192 56 56  192 56 56  192 56 56  192 56 56  192 56 56  192 56 56  192 56 56  192 56 56  192 56 56  192 56 56  192 56 56  192 56 56  192 56 56  192 56 56  192 56 56  192 56 56  192 56 56  192 56 56  192 56 56  192 56 56  176 176 208  176 176 208  176 176 208  176 176 208  192 56 56  192 56 56  192 56 56  192 56 56  232 232 248  232 232 248  232 232 248  232 232 248  0 0 0  0 0 0  0 0 0  0 0 0  
104 40 40  104 40 40  104 40 40  104 40 40  192 56 56  192 56 56  192 56 56  192 56 56  192 56 56  192 56 56  192 56 56  192 56 56  192 56 56  192 56 56  192 56 56  192 56 56  192 56 56  192 56 56  192 56 56  192 56 56  192 56 56  192 56 56  192 56 56  192 56 56  192 56 56  192 56 56  192 56 56  192 56 56  192 56 56  192 56 56  192 56 56  192 56 56  192 56 56  192 56 56  192 56 56  192 56 56  192 56 56  192 56 56  192 56 56  192 56 56  176 176 208  176 176 208  176 176 208  176 176 208  192 56 56  192 56 56  192 56 56  192 56 56  232 232 248  232 232 248  232 232 248  232 232 248  0 0 0  0 0 0  0 0 0  0 0 0  
0 0 0  0 0 0  0 0 0  0 0 0  104 40 40  104 40 40  104 40 40  104 40 40  192 56 56  192 56 56  192 56 56  192 56 56  192 56 56  192 56 56  192 56 56  192 56 56  192 56 56  192 56 56  192 56 56  192 56 56  192 56 56  192 56 56  192 56 56  192 56 56  192 56 56  192 56 56  192 56 56  192 56 56  192 56 56  192 56 56  192 56 56  192 56 56  192 56 56  192 56 56  192 56 56  192 56 56  192 56 56  192 56 56  192 56 56  192 56 56  192 56 56  192 56 56  192 56 56  192 56 56  176 176 208  176 176 208  176 176 208  176 176 208  232 232 248  232 232 248  232 232 248  232 232 248  0 0 0  0 0 0  0 0 0  0 0 0  
0 0 0  0 0 0  0 0 0  0 0 0  104 40 40  104 40 40  104 40 40  104 40 40  192 56 56  192 56 56  192 56 56  192 56 56  192 56 56  192 56 56  192 56 56  192 56 56  192 56 56  192 56 56  192 56 56  192 56 56  192 56 56  192 56 56  192 56 56  192 56 56  192 56 56  192 56 56  192 56 56  192 56 56  192 56 56  192 56 56  192 56 56  192 56 56  192 56 56  192 56 56  192 56 56  192 56 56  192 56 56  192 56 56  192 56 56  192 56 56  192 56 56  192 56 56  192 56 56  192 56 56  176 176 208  176 176 208  176 176 208  176 176 208  232 232 248  232 232 248  232 232 248  232 232 248  0 0 0  0 0 0  0 0 0  0 0 0  
0 0 0  0 0 0  0 0 0  0 0 0  104 40 40  104 40 40  104 40 40  104 40 40  192 56 56  192 56 56  192 56 56  192 56 56  192 56 56  192 56 56  192 56 56  192 56 56  192 56 56  192 56 56  192 56 56  192 56 56  192 56 56  192 56 56  192 56 56  192 56 56  192 56 56  192 56 56  192 56 56  192 56 56  192 56 56  192 56 56  192 56 56  192 56 56  192 56 56  192 56 56  192 56 56  192 56 56  192 56 56  192 56 56  192 56 56  192 56 56  192 56 56  192 56 56  192 56 56  192 56 56  176 176 208  176 176 208  176 176 208  176 176 208  232 232 248  232 232 248  232 232 248  232 232 248  0 0 0  0 0 0  0 0 0  0 0 0  
0 0 0  0 0 0  0 0 0  0 0 0  104 40 40  104 40 40  104 40 40  104 40 40  192 56 56  192 56 56  192 56 56  192 56 56  192 56 56  192 56 56  192 56 56  192 56 56  192 56 56  192 56 56  192 56 56  192 56 56  192 56 56  192 56 56  192 56 56  192 56 56  192 56 56  192 56 56  192 56 56  192 56 56  192 56 56  192 56 56  192 56 56  192 56 56  192 56 56  192 56 56  192 56 56  192 56 56  192 56 56  192 56 56  192 56 56  192 56 56  192 56 56  192 56 56  192 56 56  192 56 56  176 176 208  176 176 208  176 176 208  176 176 208  232 232 248  232 232 248  232 232 248  232 232 248  0 0 0  0 0 0  0 0 0  0 0 0  
0 0 0  0 0 0  0 0 0  0 0 0  120 64 64  120 64 64  120 64 64  120 64 64  104 40 40  104 40 40  104 40 40  104 40 40  104 40 40  104 40 40  104 40 40  104 40 40  192 56 56  192 56 56  192 56 56  192 56 56  192 56 56  192 56 56  192 56 56  192 56 56  192 56 56  192 56 56  192 56 56  192 56 56  192 56 56  192 56 56  192 56 56  192 56 56  192 56 56  192 56 56  192 56 56  192 56 56  176 176 208  176 176 208  176 176 208  176 176 208  176 176 208  176 176 208  176 176 208  176 176 208  176 176 208  176 176 208  176 176 208  176 176 208  0 0 0  0 0 0  0 0 0  0 0 0  255 255 255  255 255 255  255 255 255  255 255 255  
0 0 0  0 0 0  0 0 0  0 0 0  120 64 64  120 64 64  120 64 64  120 64 64  104 40 40  104 40 40  104 40 40  104 40 40  104 40 40  104 40 40  104 40 40  104 40 40  192 56 56  192 56 56  192 56 56  192 56 56  192 56 56  192 56 56  192 56 56  192 56 56  192 56 56  192 56 56  192 56 56  192 56 56  192 56 56  192 56 56  192 56 56  192 56 56  192 56 56  192 56 56  192 56 56  192 56 56  176 176 208  176 176 208  176 176 208  176 176 208  176 176 208  176 176 208  176 176 208  176 176 208  176 176 208  176 176 208  176 176 208  176 176 208  0 0 0  0 0 0  0 0 0  0 0 0  255 255 255  255 255 255  255 255 255  255 255 255  
0 0 0  0 0 0  0 0 0  0 0 0  120 64 64  120 64 64  120 64 64  120 64 64  104 40 40  104 40 40  104 40 40  104 40 40  104 40 40  104 40 40  104 40 40  104 40 40  192 56 56  192 56 56  192 56 56  192 56 56  192 56 56  192 56 56  192 56 56  192 56 56  192 56 56  192 56 56  192 56 56  192 56 56  192 56 56  192 56 56  192 56 56  192 56 56  192 56 56  192 56 56  192 56 56  192 56 56  176 176 208  176 176 208  176 176 208  176 176 208  176 176 208  176 176 208  176 176 208  176 176 208  176 176 208  176 176 208  176 176 208  176 176 208  0 0 0  0 0 0  0 0 0  0 0 0  255 255 255  255 255 255  255 255 255  255 255 255  
0 0 0  0 0 0  0 0 0  0 0 0  120 64 64  120 64 64  120 64 64  120 64 64  104 40 40  104 40 40  104 40 40  104 40 40  104 40 40  104 40 40  104 40 40  104 40 40  192 56 56  192 56 56  192 56 56  192 56 56  192 56 56  192 56 56  192 56 56  192 56 56  192 56 56  192 56 56  192 56 56  192 56 56  192 56 56  192 56 56  192 56 56  192 56 56  192 56 56  192 56 56  192 56 56  192 56 56  176 176 208  176 176 208  176 176 208  176 176 208  176 176 208  176 176 208  176 176 208  176 176 208  176 176 208  176 176 208  176 176 208  176 176 208  0 0 0  0 0 0  0 0 0  0 0 0  255 255 255  255 255 255  255 255 255  255 255 255  
0 0 0  0 0 0  0 0 0  0 0 0  120 64 64  120 64 64  120 64 64  120 64 64  120 64 64  120 64 64  120 64 64  120 64 64  120 64 64  120 64 64  120 64 64  120 64 64  104 40 40  104 40 40  104 40 40  104 40 40  104 40 40  104 40 40  104 40 40  104 40 40  104 40 40  104 40 40  104 40 40  104 40 40  104 40 40  104 40 40  104 40 40  104 40 40  104 40 40  104 40 40  104 40 40  104 40 40  104 40 40  104 40 40  104 40 40  104 40 40  56 56 120  56 56 120  56 56 120  56 56 120  120 64 64  120 64 64  120 64 64  120 64 64  255 255 255  255 255 255  255 255 255  255 255 255  255 255 255  255 255 255  255 255 255  255 255 255  
0 0 0  0 0 0  0 0 0  0 0 0  120 64 64  120 64 64  120 64 64  120 64 64  120 64 64  120 64 64  120 64 64  120 64 64  120 64 64  120 64 64  120 64 64  120 64 64  104 40 40  104 40 40  104 40 40  104 40 40  104 40 40  104 40 40  104 40 40  104 40 40  104 40 40  104 40 40  104 40 40  104 40 40  104 40 40  104 40 40  104 40 40  104 40 40  104 40 40  104 40 40  104 40 40  104 40 40  104 40 40  104 40 40  104 40 40  104 40 40  56 56 120  56 56 120  56 56 120  56 56 120  120 64 64  120 64 64  120 64 64  120 64 64  255 255 255  255 255 255  255 255 255  255 255 255  255 255 255  255 255 255  255 255 255  255 255 255  
0 0 0  0 0 0  0 0 0  0 0 0  120 64 64  120 64 64  120 64 64  120 64 64  120 64 64  120 64 64  120 64 64  120 64 64  120 64 64  120 64 64  120 64 64  120 64 64  104 40 40  104 40 40  104 40 40  104 40 40  104 40 40  104 40 40  104 40 40  104 40 40  104 40 40  104 40 40  104 40 40  104 40 40  104 40 40  104 40 40  104 40 40  104 40 40  104 40 40  104 40 40  104 40 40  104 40 40  104 40 40  104 40 40  104 40 40  104 40 40  56 56 120  56 56 120  56 56 120  56 56 120  120 64 64  120 64 64  120 64 64  120 64 64  255 255 255  255 255 255  255 255 255  255 255 255  255 255 255  255 255 255  255 255 255  255 255 255  
0 0 0  0 0 0  0 0 0  0 0 0  120 64 64  120 64 64  120 64 64  120 64 64  120 64 64  120 64 64  120 64 64  120 64 64  120 64 64  120 64 64  120 64 64  120 64 64  104 40 40  104 40 40  104 40 40  104 40 40  104 40 40  104 40 40  104 40 40  104 40 40  104 40 40  104 40 40  104 40 40  104 40 40  104 40 40  104 40 40  104 40 40  104 40 40  104 40 40  104 40 40  104 40 40  104 40 40  104 40 40  104 40 40  104 40 40  104 40 40  56 56 120  56 56 120  56 56 120  56 56 120  120 64 64  120 64 64  120 64 64  120 64 64  255 255 255  255 255 255  255 255 255  255 255 255  255 255 255  255 255 255  255 255 255  255 255 255  
255 255 255  255 255 255  255 255 255  255 255 255  0 0 0  0 0 0  0 0 0  0 0 0  120 64 64  120 64 64  120 64 64  120 64 64  216 144 112  216 144 112  216 144 112  216 144 112  248 192 144  248 192 144  248 192 144  248 192 144  120 64 64  120 64 64  120 64 64  120 64 64  216 144 112  216 144 112  216 144 112  216 144 112  216 144 112  216 144 112  216 144 112  216 144 112  0 0 0  0 0 0  0 0 0  0 0 0  216 144 112  216 144 112  216 144 112  216 144 112  216 144 112  216 144 112  216 144 112  216 144 112  120 64 64  120 64 64  120 64 64  120 64 64  255 255 255  255 255 255  255 255 255  255 255 255  255 255 255  255 255 255  255 255 255  255 255 255  
255 255 255  255 255 255  255 255 255  255 255 255  0 0 0  0 0 0  0 0 0  0 0 0  120 64 64  120 64 64  120 64 64  120 64 64  216 144 112  216 144 112  216 144 112  216 144 112  248 192 144  248 192 144  248 192 144  248 192 144  120 64 64  120 64 64  120 64 64  120 64 64  216 144 112  216 144 112  216 144 112  216 144 112  216 144 112  216 144 112  216 144 112  216 144 112  0 0 0  0 0 0  0 0 0  0 0 0  216 144 112  216 144 112  216 144 112  216 144 112  216 144 112  216 144 112  216 144 112  216 144 112  120 64 64  120 64 64  120 64 64  120 64 64  255 255 255  255 255 255  255 255 255  255 255 255  255 255 255  255 255 255  255 255 255  255 255 255  
255 255 255  255 255 255  255 255 255  255 255 255  0 0 0  0 0 0  0 0 0  0 0 0  120 64 64  120 64 64  120 64 64  120 64 64  216 144 112  216 144 112  216 144 112  216 144 112  248 192 144  248 192 144  248 192 144  248 192 144  120 64 64  120 64 64  120 64 64  120 64 64  216 144 112  216 144 112  216 144 112  216 144 112  216 144 112  216 144 112  216 144 112  216 144 112  0 0 0  0 0 0  0 0 0  0 0 0  216 144 112  216 144 112  216 144 112  216 144 112  216 144 112  216 144 112  216 144 112  216 144 112  120 64 64  120 64 64  120 64 64  120 64 64  255 255 255  255 255 255  255 255 255  255 255 255  255 255 255  255 255 255  255 255 255  255 255 255  
255 255 255  255 255 255  255 255 255  255 255 255  0 0 0  0 0 0  0 0 0  0 0 0  120 64 64  120 64 64  120 64 64  120 64 64  216 144 112  216 144 112  216 144 112  216 144 112  248 192 144  248 192 144  248 192 144  248 192 144  120 64 64  120 64 64  120 64 64  120 64 64  216 144 112  216 144 112  216 144 112  216 144 112  216 144 112  216 144 112  216 144 112  216 144 112  0 0 0  0 0 0  0 0 0  0 0 0  216 144 112  216 144 112  216 144 112  216 144 112  216 144 112  216 144 112  216 144 112  216 144 112  120 64 64  120 64 64  120 64 64  120 64 64  255 255 255  255 255 255  255 255 255  255 255 255  255 255 255  255 255 255  255 255 255  255 255 255  
255 255 255  255 255 255  255 255 255  255 255 255  255 255 255  255 255 255  255 255 255  255 255 255  0 0 0  0 0 0  0 0 0  0 0 0  216 144 112  216 144 112  216 144 112  216 144 112  248 192 144  248 192 144  248 192 144  248 192 144  216 144 112  216 144 112  216 144 112  216 144 112  216 144 112  216 144 112  216 144 112  216 144 112  248 192 144  248 192 144  248 192 144  248 192 144  120 64 64  120 64 64  120 64 64  120 64 64  248 192 144  248 192 144  248 192 144  248 192 144  120 64 64  120 64 64  120 64 64  120 64 64  255 255 255  255 255 255  255 255 255  255 255 255  255 255 255  255 255 255  255 255 255  255 255 255  255 255 255  255 255 255  255 255 255  255 255 255  
255 255 255  255 255 255  255 255 255  255 255 255  255 255 255  255 255 255  255 255 255  255 255 255  0 0 0  0 0 0  0 0 0  0 0 0  216 144 112  216 144 112  216 144 112  216 144 112  248 192 144  248 192 144  248 192 144  248 192 144  216 144 112  216 144 112  216 144 112  216 144 112  216 144 112  216 144 112  216 144 112  216 144 112  248 192 144  248 192 144  248 192 144  248 192 144  120 64 64  120 64 64  120 64 64  120 64 64  248 192 144  248 192 144  248 192 144  248 192 144  120 64 64  120 64 64  120 64 64  120 64 64  255 255 255  255 255 255  255 255 255  255 255 255  255 255 255  255 255 255  255 255 255  255 255 255  255 255 255  255 255 255  255 255 255  255 255 255  
255 255 255  255 255 255  255 255 255  255 255 255  255 255 255  255 255 255  255 255 255  255 255 255  0 0 0  0 0 0  0 0 0  0 0 0  216 144 112  216 144 112  216 144 112  216 144 112  248 192 144  248 192 144  248 192 144  248 192 144  216 144 112  216 144 112  216 144 112  216 144 112  216 144 112  216 144 112  216 144 112  216 144 112  248 192 144  248 192 144  248 192 144  248 192 144  120 64 64  120 64 64  120 64 64  120 64 64  248 192 144  248 192 144  248 192 144  248 192 144  120 64 64  120 64 64  120 64 64  120 64 64  255 255 255  255 255 255  255 255 255  255 255 255  255 255 255  255 255 255  255 255 255  255 255 255  255 255 255  255 255 255  255 255 255  255 255 255  
255 255 255  255 255 255  255 255 255  255 255 255  255 255 255  255 255 255  255 255 255  255 255 255  0 0 0  0 0 0  0 0 0  0 0 0  216 144 112  216 144 112  216 144 112  216 144 112  248 192 144  248 192 144  248 192 144  248 192 144  216 144 112  216 144 112  216 144 112  216 144 112  216 144 112  216 144 112  216 144 112  216 144 112  248 192 144  248 192 144  248 192 144  248 192 144  120 64 64  120 64 64  120 64 64  120 64 64  248 192 144  248 192 144  248 192 144  248 192 144  120 64 64  120 64 64  120 64 64  120 64 64  255 255 255  255 255 255  255 255 255  255 255 255  255 255 255  255 255 255  255 255 255  255 255 255  255 255 255  255 255 255  255 255 255  255 255 255  
255 255 255  255 255 255  255 255 255  255 255 255  0 0 0  0 0 0  0 0 0  0 0 0  184 152 56  184 152 56  184 152 56  184 152 56  120 64 64  120 64 64  120 64 64  120 64 64  120 64 64  120 64 64  120 64 64  120 64 64  216 144 112  216 144 112  216 144 112  216 144 112  216 144 112  216 144 112  216 144 112  216 144 112  216 144 112  216 144 112  216 144 112  216 144 112  216 144 112  216 144 112  216 144 112  216 144 112  120 64 64  120 64 64  120 64 64  120 64 64  255 255 255  255 255 255  255 255 255  255 255 255  255 255 255  255 255 255  255 255 255  255 255 255  255 255 255  255 255 255  255 255 255  255 255 255  255 255 255  255 255 255  255 255 255  255 255 255  
255 255 255  255 255 255  255 255 255  255 255 255  0 0 0  0 0 0  0 0 0  0 0 0  184 152 56  184 152 56  184 152 56  184 152 56  120 64 64  120 64 64  120 64 64  120 64 64  120 64 64  120 64 64  120 64 64  120 64 64  216 144 112  216 144 112  216 144 112  216 144 112  216 144 112  216 144 112  216 144 112  216 144 112  216 144 112  216 144 112  216 144 112  216 144 112  216 144 112  216 144 112  216 144 112  216 144 112  120 64 64  120 64 64  120 64 64  120 64 64  255 255 255  255 255 255  255 255 255  255 255 255  255 255 255  255 255 255  255 255 255  255 255 255  255 255 255  255 255 255  255 255 255  255 255 255  255 255 255  255 255 255  255 255 255  255 255 255  
255 255 255  255 255 255  255 255 255  255 255 255  0 0 0  0 0 0  0 0 0  0 0 0  184 152 56  184 152 56  184 152 56  184 152 56  120 64 64  120 64 64  120 64 64  120 64 64  120 64 64  120 64 64  120 64 64  120 64 64  216 144 112  216 144 112  216 144 112  216 144 112  216 144 112  216 144 112  216 144 112  216 144 112  216 144 112  216 144 112  216 144 112  216 144 112  216 144 112  216 144 112  216 144 112  216 144 112  120 64 64  120 64 64  120 64 64  120 64 64  255 255 255  255 255 255  255 255 255  255 255 255  255 255 255  255 255 255  255 255 255  255 255 255  255 255 255  255 255 255  255 255 255  255 255 255  255 255 255  255 255 255  255 255 255  255 255 255  
255 255 255  255 255 255  255 255 255  255 255 255  0 0 0  0 0 0  0 0 0  0 0 0  184 152 56  184 152 56  184 152 56  184 152 56  120 64 64  120 64 64  120 64 64  120 64 64  120 64 64  120 64 64  120 64 64  120 64 64  216 144 112  216 144 112  216 144 112  216 144 112  216 144 112  216 144 112  216 144 112  216 144 112  216 144 112  216 144 112  216 144 112  216 144 112  216 144 112  216 144 112  216 144 112  216 144 112  120 64 64  120 64 64  120 64 64  120 64 64  255 255 255  255 255 255  255 255 255  255 255 255  255 255 255  255 255 255  255 255 255  255 255 255  255 255 255  255 255 255  255 255 255  255 255 255  255 255 255  255 255 255  255 255 255  255 255 255  
0 0 0  0 0 0  0 0 0  0 0 0  248 216 88  248 216 88  248 216 88  248 216 88  248 216 88  248 216 88  248 216 88  248 216 88  184 152 56  184 152 56  184 152 56  184 152 56  56 56 120  56 56 120  56 56 120  56 56 120  56 56 120  56 56 120  56 56 120  56 56 120  0 0 0  0 0 0  0 0 0  0 0 0  120 64 64  120 64 64  120 64 64  120 64 64  120 64 64  120 64 64  120 64 64  120 64 64  104 40 40  104 40 40  104 40 40  104 40 40  255 255 255  255 255 255  255 255 255  255 255 255  255 255 255  255 255 255  255 255 255  255 255 255  255 255 255  255 255 255  255 255 255  255 255 255  255 255 255  255 255 255  255 255 255  255 255 255  
0 0 0  0 0 0  0 0 0  0 0 0  248 216 88  248 216 88  248 216 88  248 216 88  248 216 88  248 216 88  248 216 88  248 216 88  184 152 56  184 152 56  184 152 56  184 152 56  56 56 120  56 56 120  56 56 120  56 56 120  56 56 120  56 56 120  56 56 120  56 56 120  0 0 0  0 0 0  0 0 0  0 0 0  120 64 64  120 64 64  120 64 64  120 64 64  120 64 64  120 64 64  120 64 64  120 64 64  104 40 40  104 40 40  104 40 40  104 40 40  255 255 255  255 255 255  255 255 255  255 255 255  255 255 255  255 255 255  255 255 255  255 255 255  255 255 255  255 255 255  255 255 255  255 255 255  255 255 255  255 255 255  255 255 255  255 255 255  
0 0 0  0 0 0  0 0 0  0 0 0  248 216 88  248 216 88  248 216 88  248 216 88  248 216 88  248 216 88  248 216 88  248 216 88  184 152 56  184 152 56  184 152 56  184 152 56  56 56 120  56 56 120  56 56 120  56 56 120  56 56 120  56 56 120  56 56 120  56 56 120  0 0 0  0 0 0  0 0 0  0 0 0  120 64 64  120 64 64  120 64 64  120 64 64  120 64 64  120 64 64  120 64 64  120 64 64  104 40 40  104 40 40  104 40 40  104 40 40  255 255 255  255 255 255  255 255 255  255 255 255  255 255 255  255 255 255  255 255 255  255 255 255  255 255 255  255 255 255  255 255 255  255 255 255  255 255 255  255 255 255  255 255 255  255 255 255  
0 0 0  0 0 0  0 0 0  0 0 0  248 216 88  248 216 88  248 216 88  248 216 88  248 216 88  248 216 88  248 216 88  248 216 88  184 152 56  184 152 56  184 152 56  184 152 56  56 56 120  56 56 120  56 56 120  56 56 120  56 56 120  56 56 120  56 56 120  56 56 120  0 0 0  0 0 0  0 0 0  0 0 0  120 64 64  120 64 64  120 64 64  120 64 64  120 64 64  120 64 64  120 64 64  120 64 64  104 40 40  104 40 40  104 40 40  104 40 40  255 255 255  255 255 255  255 255 255  255 255 255  255 255 255  255 255 255  255 255 255  255 255 255  255 255 255  255 255 255  255 255 255  255 255 255  255 255 255  255 255 255  255 255 255  255 255 255  
0 0 0  0 0 0  0 0 0  0 0 0  120 64 64  120 64 64  120 64 64  120 64 64  120 64 64  120 64 64  120 64 64  120 64 64  248 192 144  248 192 144  248 192 144  248 192 144  248 192 144  248 192 144  248 192 144  248 192 144  56 56 120  56 56 120  56 56 120  56 56 120  56 56 120  56 56 120  56 56 120  56 56 120  192 56 56  192 56 56  192 56 56  192 56 56  192 56 56  192 56 56  192 56 56  192 56 56  104 40 40  104 40 40  104 40 40  104 40 40  255 255 255  255 255 255  255 255 255  255 255 255  255 255 255  255 255 255  255 255 255  255 255 255  255 255 255  255 255 255  255 255 255  255 255 255  255 255 255  255 255 255  255 255 255  255 255 255  
0 0 0  0 0 0  0 0 0  0 0 0  120 64 64  120 64 64  120 64 64  120 64 64  120 64 64  120 64 64  120 64 64  120 64 64  248 192 144  248 192 144  248 192 144  248 192 144  248 192 144  248 192 144  248 192 144  248 192 144  56 56 120  56 56 120  56 56 120  56 56 120  56 56 120  56 56 120  56 56 120  56 56 120  192 56 56  192 56 56  192 56 56  192 56 56  192 56 56  192 56 56  192 56 56  192 56 56  104 40 40  104 40 40  104 40 40  104 40 40  255 255 255  255 255 255  255 255 255  255 255 255  255 255 255  255 255 255  255 255 255  255 255 255  255 255 255  255 255 255  255 255 255  255 255 255  255 255 255  255 255 255  255 255 255  255 255 255  
0 0 0  0 0 0  0 0 0  0 0 0  120 64 64  120 64 64  120 64 64  120 64 64  120 64 64  120 64 64  120 64 64  120 64 64  248 192 144  248 192 144  248 192 144  248 192 144  248 192 144  248 192 144  248 192 144  248 192 144  56 56 120  56 56 120  56 56 120  56 56 120  56 56 120  56 56 120  56 56 120  56 56 120  192 56 56  192 56 56  192 56 56  192 56 56  192 56 56  192 56 56  192 56 56  192 56 56  104 40 40  104 40 40  104 40 40  104 40 40  255 255 255  255 255 255  255 255 255  255 255 255  255 255 255  255 255 255  255 255 255  255 255 255  255 255 255  255 255 255  255 255 255  255 255 255  255 255 255  255 255 255  255 255 255  255 255 255  
0 0 0  0 0 0  0 0 0  0 0 0  120 64 64  120 64 64  120 64 64  120 64 64  120 64 64  120 64 64  120 64 64  120 64 64  248 192 144  248 192 144  248 192 144  248 192 144  248 192 144  248 192 144  248 192 144  248 192 144  56 56 120  56 56 120  56 56 120  56 56 120  56 56 120  56 56 120  56 56 120  56 56 120  192 56 56  192 56 56  192 56 56  192 56 56  192 56 56  192 56 56  192 56 56  192 56 56  104 40 40  104 40 40  104 40 40  104 40 40  255 255 255  255 255 255  255 255 255  255 255 255  255 255 255  255 255 255  255 255 255  255 255 255  255 255 255  255 255 255  255 255 255  255 255 255  255 255 255  255 255 255  255 255 255  255 255 255  
0 0 0  0 0 0  0 0 0  0 0 0  184 152 56  184 152 56  184 152 56  184 152 56  120 64 64  120 64 64  120 64 64  120 64 64  216 144 112  216 144 112  216 144 112  216 144 112  216 144 112  216 144 112  216 144 112  216 144 112  56 56 120  56 56 120  56 56 120  56 56 120  0 0 0  0 0 0  0 0 0  0 0 0  192 56 56  192 56 56  192 56 56  192 56 56  0 0 0  0 0 0  0 0 0  0 0 0  0 0 0  0 0 0  0 0 0  0 0 0  255 255 255  255 255 255  255 255 255  255 255 255  255 255 255  255 255 255  255 255 255  255 255 255  255 255 255  255 255 255  255 255 255  255 255 255  255 255 255  255 255 255  255 255 255  255 255 255  
0 0 0  0 0 0  0 0 0  0 0 0  184 152 56  184 152 56  184 152 56  184 152 56  120 64 64  120 64 64  120 64 64  120 64 64  216 144 112  216 144 112  216 144 112  216 144 112  216 144 112  216 144 112  216 144 112  216 144 112  56 56 120  56 56 120  56 56 120  56 56 120  0 0 0  0 0 0  0 0 0  0 0 0  192 56 56  192 56 56  192 56 56  192 56 56  0 0 0  0 0 0  0 0 0  0 0 0  0 0 0  0 0 0  0 0 0  0 0 0  255 255 255  255 255 255  255 255 255  255 255 255  255 255 255  255 255 255  255 255 255  255 255 255  255 255 255  255 255 255  255 255 255  255 255 255  255 255 255  255 255 255  255 255 255  255 255 255  
0 0 0  0 0 0  0 0 0  0 0 0  184 152 56  184 152 56  184 152 56  184 152 56  120 64 64  120 64 64  120 64 64  120 64 64  216 144 112  216 144 112  216 144 112  216 144 112  216 144 112  216 144 112  216 144 112  216 144 112  56 56 120  56 56 120  56 56 120  56 56 120  0 0 0  0 0 0  0 0 0  0 0 0  192 56 56  192 56 56  192 56 56  192 56 56  0 0 0  0 0 0  0 0 0  0 0 0  0 0 0  0 0 0  0 0 0  0 0 0  255 255 255  255 255 255  255 255 255  255 255 255  255 255 255  255 255 255  255 255 255  255 255 255  255 255 255  255 255 255  255 255 255  255 255 255  255 255 255  255 255 255  255 255 255  255 255 255  
0 0 0  0 0 0  0 0 0  0 0 0  184 152 56  184 152 56  184 152 56  184 152 56  120 64 64  120 64 64  120 64 64  120 64 64  216 144 112  216 144 112  216 144 112  216 144 112  216 144 112  216 144 112  216 144 112  216 144 112  56 56 120  56 56 120  56 56 120  56 56 120  0 0 0  0 0 0  0 0 0  0 0 0  192 56 56  192 56 56  192 56 56  192 56 56  0 0 0  0 0 0  0 0 0  0 0 0  0 0 0  0 0 0  0 0 0  0 0 0  255 255 255  255 255 255  255 255 255  255 255 255  255 255 255  255 255 255  255 255 255  255 255 255  255 255 255  255 255 255  255 255 255  255 255 255  255 255 255  255 255 255  255 255 255  255 255 255  
255 255 255  255 255 255  255 255 255  255 255 255  0 0 0  0 0 0  0 0 0  0 0 0  120 64 64  120 64 64  120 64 64  120 64 64  120 64 64  120 64 64  120 64 64  120 64 64  0 0 0  0 0 0  0 0 0  0 0 0  0 0 0  0 0 0  0 0 0  0 0 0  112 160 192  112 160 192  112 160 192  112 160 192  0 0 0  0 0 0  0 0 0  0 0 0  0 0 0  0 0 0  0 0 0  0 0 0  56 56 120  56 56 120  56 56 120  56 56 120  0 0 0  0 0 0  0 0 0  0 0 0  255 255 255  255 255 255  255 255 255  255 255 255  255 255 255  255 255 255  255 255 255  255 255 255  255 255 255  255 255 255  255 255 255  255 255 255  
255 255 255  255 255 255  255 255 255  255 255 255  0 0 0  0 0 0  0 0 0  0 0 0  120 64 64  120 64 64  120 64 64  120 64 64  120 64 64  120 64 64  120 64 64  120 64 64  0 0 0  0 0 0  0 0 0  0 0 0  0 0 0  0 0 0  0 0 0  0 0 0  112 160 192  112 160 192  112 160 192  112 160 192  0 0 0  0 0 0  0 0 0  0 0 0  0 0 0  0 0 0  0 0 0  0 0 0  56 56 120  56 56 120  56 56 120  56 56 120  0 0 0  0 0 0  0 0 0  0 0 0  255 255 255  255 255 255  255 255 255  255 255 255  255 255 255  255 255 255  255 255 255  255 255 255  255 255 255  255 255 255  255 255 255  255 255 255  
255 255 255  255 255 255  255 255 255  255 255 255  0 0 0  0 0 0  0 0 0  0 0 0  120 64 64  120 64 64  120 64 64  120 64 64  120 64 64  120 64 64  120 64 64  120 64 64  0 0 0  0 0 0  0 0 0  0 0 0  0 0 0  0 0 0  0 0 0  0 0 0  112 160 192  112 160 192  112 160 192  112 160 192  0 0 0  0 0 0  0 0 0  0 0 0  0 0 0  0 0 0  0 0 0  0 0 0  56 56 120  56 56 120  56 56 120  56 56 120  0 0 0  0 0 0  0 0 0  0 0 0  255 255 255  255 255 255  255 255 255  255 255 255  255 255 255  255 255 255  255 255 255  255 255 255  255 255 255  255 255 255  255 255 255  255 255 255  
255 255 255  255 255 255  255 255 255  255 255 255  0 0 0  0 0 0  0 0 0  0 0 0  120 64 64  120 64 64  120 64 64  120 64 64  120 64 64  120 64 64  120 64 64  120 64 64  0 0 0  0 0 0  0 0 0  0 0 0  0 0 0  0 0 0  0 0 0  0 0 0  112 160 192  112 160 192  112 160 192  112 160 192  0 0 0  0 0 0  0 0 0  0 0 0  0 0 0  0 0 0  0 0 0  0 0 0  56 56 120  56 56 120  56 56 120  56 56 120  0 0 0  0 0 0  0 0 0  0 0 0  255 255 255  255 255 255  255 255 255  255 255 255  255 255 255  255 255 255  255 255 255  255 255 255  255 255 255  255 255 255  255 255 255  255 255 255  
255 255 255  255 255 255  255 255 255  255 255 255  255 255 255  255 255 255  255 255 255  255 255 255  0 0 0  0 0 0  0 0 0  0 0 0  0 0 0  0 0 0  0 0 0  0 0 0  0 0 0  0 0 0  0 0 0  0 0 0  0 0 0  0 0 0  0 0 0  0 0 0  0 0 0  0 0 0  0 0 0  0 0 0  56 56 120  56 56 120  56 56 120  56 56 120  192 56 56  192 56 56  192 56 56  192 56 56  0 0 0  0 0 0  0 0 0  0 0 0  0 0 0  0 0 0  0 0 0  0 0 0  255 255 255  255 255 255  255 255 255  255 255 255  255 255 255  255 255 255  255 255 255  255 255 255  255 255 255  255 255 255  255 255 255  255 255 255  
255 255 255  255 255 255  255 255 255  255 255 255  255 255 255  255 255 255  255 255 255  255 255 255  0 0 0  0 0 0  0 0 0  0 0 0  0 0 0  0 0 0  0 0 0  0 0 0  0 0 0  0 0 0  0 0 0  0 0 0  0 0 0  0 0 0  0 0 0  0 0 0  0 0 0  0 0 0  0 0 0  0 0 0  56 56 120  56 56 120  56 56 120  56 56 120  192 56 56  192 56 56  192 56 56  192 56 56  0 0 0  0 0 0  0 0 0  0 0 0  0 0 0  0 0 0  0 0 0  0 0 0  255 255 255  255 255 255  255 255 255  255 255 255  255 255 255  255 255 255  255 255 255  255 255 255  255 255 255  255 255 255  255 255 255  255 255 255  
255 255 255  255 255 255  255 255 255  255 255 255  255 255 255  255 255 255  255 255 255  255 255 255  0 0 0  0 0 0  0 0 0  0 0 0  0 0 0  0 0 0  0 0 0  0 0 0  0 0 0  0 0 0  0 0 0  0 0 0  0 0 0  0 0 0  0 0 0  0 0 0  0 0 0  0 0 0  0 0 0  0 0 0  56 56 120  56 56 120  56 56 120  56 56 120  192 56 56  192 56 56  192 56 56  192 56 56  0 0 0  0 0 0  0 0 0  0 0 0  0 0 0  0 0 0  0 0 0  0 0 0  255 255 255  255 255 255  255 255 255  255 255 255  255 255 255  255 255 255  255 255 255  255 255 255  255 255 255  255 255 255  255 255 255  255 255 255  
255 255 255  255 255 255  255 255 255  255 255 255  255 255 255  255 255 255  255 255 255  255 255 255  0 0 0  0 0 0  0 0 0  0 0 0  0 0 0  0 0 0  0 0 0  0 0 0  0 0 0  0 0 0  0 0 0  0 0 0  0 0 0  0 0 0  0 0 0  0 0 0  0 0 0  0 0 0  0 0 0  0 0 0  56 56 120  56 56 120  56 56 120  56 56 120  192 56 56  192 56 56  192 56 56  192 56 56  0 0 0  0 0 0  0 0 0  0 0 0  0 0 0  0 0 0  0 0 0  0 0 0  255 255 255  255 255 255  255 255 255  255 255 255  255 255 255  255 255 255  255 255 255  255 255 255  255 255 255  255 255 255  255 255 255  255 255 255  
255 255 255  255 255 255  255 255 255  255 255 255  255 255 255  255 255 255  255 255 255  255 255 255  255 255 255  255 255 255  255 255 255  255 255 255  255 255 255  255 255 255  255 255 255  255 255 255  255 255 255  255 255 255  255 255 255  255 255 255  255 255 255  255 255 255  255 255 255  255 255 255  255 255 255  255 255 255  255 255 255  255 255 255  0 0 0  0 0 0  0 0 0  0 0 0  0 0 0  0 0 0  0 0 0  0 0 0  0 0 0  0 0 0  0 0 0  0 0 0  255 255 255  255 255 255  255 255 255  255 255 255  255 255 255  255 255 255  255 255 255  255 255 255  255 255 255  255 255 255  255 255 255  255 255 255  255 255 255  255 255 255  255 255 255  255 255 255  
255 255 255  255 255 255  255 255 255  255 255 255  255 255 255  255 255 255  255 255 255  255 255 255  255 255 255  255 255 255  255 255 255  255 255 255  255 255 255  255 255 255  255 255 255  255 255 255  255 255 255  255 255 255  255 255 255  255 255 255  255 255 255  255 255 255  255 255 255  255 255 255  255 255 255  255 255 255  255 255 255  255 255 255  0 0 0  0 0 0  0 0 0  0 0 0  0 0 0  0 0 0  0 0 0  0 0 0  0 0 0  0 0 0  0 0 0  0 0 0  255 255 255  255 255 255  255 255 255  255 255 255  255 255 255  255 255 255  255 255 255  255 255 255  255 255 255  255 255 255  255 255 255  255 255 255  255 255 255  255 255 255  255 255 255  255 255 255  
255 255 255  255 255 255  255 255 255  255 255 255  255 255 255  255 255 255  255 255 255  255 255 255  255 255 255  255 255 255  255 255 255  255 255 255  255 255 255  255 255 255  255 255 255  255 255 255  255 255 255  255 255 255  255 255 255  255 255 255  255 255 255  255 255 255  255 255 255  255 255 255  255 255 255  255 255 255  255 255 255  255 255 255  0 0 0  0 0 0  0 0 0  0 0 0  0 0 0  0 0 0  0 0 0  0 0 0  0 0 0  0 0 0  0 0 0  0 0 0  255 255 255  255 255 255  255 255 255  255 255 255  255 255 255  255 255 255  255 255 255  255 255 255  255 255 255  255 255 255  255 255 255  255 255 255  255 255 255  255 255 255  255 255 255  255 255 255  
255 255 255  255 255 255  255 255 255  255 255 255  255 255 255  255 255 255  255 255 255  255 255 255  255 255 255  255 255 255  255 255 255  255 255 255  255 255 255  255 255 255  255 255 255  255 255 255  255 255 255  255 255 255  255 255 255  255 255 255  255 255 255  255 255 255  255 255 255  255 255 255  255 255 255  255 255 255  255 255 255  255 255 255  0 0 0  0 0 0  0 0 0  0 0 0  0 0 0  0 0 0  0 0 0  0 0 0  0 0 0  0 0 0  0 0 0  0 0 0  255 255 255  255 255 255  255 255 255  255 255 255  255 255 255  255 255 255  255 255 255  255 255 255  255 255 255  255 255 255  255 255 255  255 255 255  255 255 255  255 255 255  255 255 255  255 255 255